0 3 1
0 5 1
0 13 0
0 34 0
0 43 0
0 118 0
0 178 0
0 221 0
0 251 0
0 255 0
0 265 0
0 288 0
0 303 0
0 311 0
3 5 1
3 13 0
3 26 0
3 109 0
3 154 0
3 181 0
3 205 0
3 297 0
3 301 0
5 13 0
5 54 0
5 91 0
5 95 0
5 154 0
5 181 0
5 225 0
5 235 0
5 255 0
5 286 0
13 15 1
13 48 0
13 54 0
13 109 0
13 119 0
13 120 0
13 123 0
13 175 0
13 199 0
13 221 0
13 235 0
13 255 0
13 265 0
13 274 0
13 301 0
13 313 0
15 48 0
15 78 0
15 80 0
15 119 0
15 123 0
15 181 0
15 206 0
15 288 0
15 301 0
26 34 1
26 97 0
26 123 0
26 175 0
26 183 0
26 265 0
26 286 0
26 311 0
34 46 0
34 80 0
34 84 0
34 89 0
34 97 0
34 104 0
34 141 0
34 189 0
34 221 0
34 235 0
34 274 0
34 319 0
43 89 0
43 95 1
43 96 1
43 104 1
43 118 1
43 123 1
43 154 0
43 178 1
43 181 0
43 182 1
43 205 1
43 206 1
43 218 0
43 221 1
43 225 0
43 255 0
43 262 0
43 286 1
43 313 1
46 80 1
46 89 1
46 97 1
46 119 1
46 122 1
46 182 0
46 183 1
46 189 1
46 218 1
46 251 1
46 262 1
46 265 1
46 274 1
46 311 1
48 54 1
48 84 1
48 91 1
48 109 1
48 120 1
48 175 1
48 181 1
48 195 0
48 225 1
48 235 1
48 297 1
48 301 1
48 303 1
54 84 1
54 91 1
54 109 1
54 120 1
54 175 1
54 181 1
54 195 0
54 225 1
54 235 1
54 297 1
54 301 1
54 303 1
54 319 0
78 108 1
78 141 1
78 154 1
78 183 0
78 189 0
78 195 1
78 199 1
78 242 1
78 255 1
78 258 1
78 262 0
78 288 1
78 303 0
78 316 1
78 319 1
80 89 1
80 97 1
80 119 1
80 122 1
80 123 0
80 175 0
80 183 1
80 189 1
80 218 1
80 251 1
80 262 1
80 265 1
80 274 1
80 303 0
80 311 1
84 91 1
84 95 0
84 109 1
84 120 1
84 175 1
84 181 1
84 183 0
84 199 0
84 206 0
84 225 1
84 235 1
84 258 0
84 297 1
84 301 1
84 303 1
89 97 1
89 119 1
89 122 1
89 183 1
89 189 1
89 218 1
89 251 1
89 262 1
89 265 1
89 274 1
89 288 0
89 311 1
91 97 0
91 109 1
91 118 0
91 120 1
91 122 0
91 175 1
91 181 1
91 205 0
91 225 1
91 235 1
91 297 1
91 301 1
91 303 1
95 96 1
95 104 1
95 118 1
95 123 1
95 178 1
95 182 1
95 205 1
95 206 1
95 221 1
95 286 1
95 288 0
95 301 0
95 313 1
96 104 1
96 118 1
96 123 1
96 154 0
96 178 1
96 181 0
96 182 1
96 205 1
96 206 1
96 221 1
96 225 0
96 235 0
96 286 1
96 313 1
97 104 0
97 119 1
97 122 1
97 123 0
97 182 0
97 183 1
97 189 1
97 218 1
97 251 1
97 255 0
97 262 1
97 265 1
97 274 1
97 311 1
104 118 1
104 123 1
104 178 1
104 182 1
104 205 1
104 206 1
104 218 0
104 221 1
104 262 0
104 286 1
104 301 0
104 313 1
108 120 0
108 141 1
108 154 1
108 195 1
108 199 1
108 225 0
108 242 1
108 255 1
108 258 1
108 288 1
108 316 1
108 319 1
109 120 1
109 175 1
109 181 1
109 225 1
109 235 1
109 297 1
109 301 1
109 303 1
109 316 0
118 123 1
118 178 1
118 182 1
118 205 1
118 206 1
118 221 1
118 286 1
118 313 1
119 122 1
119 182 0
119 183 1
119 189 1
119 218 1
119 221 0
119 251 1
119 262 1
119 265 1
119 274 1
119 288 0
119 303 0
119 311 1
120 123 0
120 175 1
120 181 1
120 225 1
120 235 1
120 242 0
120 297 1
120 301 1
120 303 1
122 123 0
122 183 1
122 189 1
122 218 1
122 251 1
122 262 1
122 265 1
122 274 1
122 301 0
122 311 1
123 175 0
123 178 1
123 182 1
123 205 1
123 206 1
123 221 1
123 286 1
123 313 1
141 154 1
141 195 1
141 199 1
141 242 1
141 255 1
141 258 1
141 288 1
141 316 1
141 319 1
154 195 1
154 199 1
154 242 1
154 255 1
154 258 1
154 265 0
154 288 1
154 316 1
154 319 1
175 181 1
175 225 1
175 235 1
175 255 0
175 297 1
175 301 1
175 303 1
175 313 0
178 182 1
178 195 0
178 205 1
178 206 1
178 221 1
178 251 0
178 255 0
178 265 0
178 286 1
178 313 1
181 225 1
181 235 1
181 265 0
181 297 1
181 301 1
181 303 1
182 189 0
182 195 0
182 205 1
182 206 1
182 221 1
182 235 0
182 286 1
182 297 0
182 313 1
183 189 1
183 218 1
183 225 0
183 251 1
183 262 1
183 265 1
183 274 1
183 311 1
183 316 0
189 218 1
189 251 1
189 262 1
189 265 1
189 274 1
189 286 0
189 311 1
195 199 1
195 205 0
195 221 0
195 242 1
195 251 0
195 255 1
195 258 1
195 288 1
195 316 1
195 319 1
199 242 1
199 255 1
199 258 1
199 262 0
199 288 1
199 316 1
199 319 1
205 206 1
205 218 0
205 221 1
205 286 1
205 303 0
205 313 1
206 221 1
206 286 1
206 313 1
218 251 1
218 262 1
218 265 1
218 274 1
218 311 1
221 262 0
221 286 1
221 288 0
221 313 1
225 235 1
225 297 1
225 301 1
225 303 1
235 297 1
235 301 1
235 303 1
235 313 0
242 255 1
242 258 1
242 288 1
242 316 1
242 319 1
251 262 1
251 265 1
251 274 1
251 311 1
255 258 1
255 288 1
255 301 0
255 316 1
255 319 1
258 288 1
258 316 1
258 319 1
262 265 1
262 274 1
262 311 1
262 316 0
265 274 1
265 288 0
265 311 1
274 297 0
274 311 1
286 301 0
286 313 1
288 316 1
288 319 1
297 301 1
297 303 1
297 313 0
301 303 1
301 316 0
311 319 0
316 319 1
