123 25 4
43 25 3
313 25 6
46 30 3
97 30 4
265 30 5
297 10 5
301 10 6
120 10 4
258 15 5
141 15 4
13 5 1
15 5 1
3 0 0
0 0 0
5 0 0
48 10 3
84 10 4
91 10 4
109 10 4
54 10 4
225 10 5
235 10 5
181 10 5
175 10 5
303 10 6
154 15 4
78 15 4
108 15 4
288 15 5
242 15 5
195 15 5
199 15 5
255 15 5
319 15 6
316 15 6
34 20 2
26 20 2
95 25 4
96 25 4
104 25 4
118 25 4
178 25 5
286 25 5
221 25 5
182 25 5
206 25 5
205 25 5
122 30 4
89 30 4
119 30 4
80 30 4
251 30 5
189 30 5
183 30 5
218 30 5
274 30 5
262 30 5
311 30 6
